{
  "vrp": {
    "matrices": [{
      "id": "mat1",
      "time": [
        [0.0, 49.0, 48.0, 42.0, 41.0, 37.0, 31.0, 31.0, 24.0, 28.0, 17.0, 23.0, 11.0, 16.0, 7.0, 20.0, 10.0, 22.0, 29.0, 31.0, 32.0, 34.0, 0.0],
        [49.0, 0.0, 9.0, 23.0, 26.0, 21.0, 19.0, 24.0, 27.0, 30.0, 32.0, 40.0, 47.0, 55.0, 56.0, 57.0, 59.0, 71.0, 72.0, 78.0, 79.0, 83.0, 49.0],
        [48.0, 9.0, 0.0, 30.0, 32.0, 15.0, 20.0, 19.0, 28.0, 25.0, 31.0, 43.0, 44.0, 56.0, 55.0, 53.0, 58.0, 69.0, 68.0, 78.0, 76.0, 81.0, 48.0],
        [42.0, 23.0, 30.0, 0.0, 3.0, 34.0, 18.0, 33.0, 19.0, 38.0, 28.0, 23.0, 45.0, 40.0, 49.0, 57.0, 49.0, 63.0, 70.0, 65.0, 73.0, 73.0, 42.0],
        [41.0, 26.0, 32.0, 3.0, 0.0, 35.0, 19.0, 34.0, 19.0, 38.0, 28.0, 21.0, 45.0, 38.0, 48.0, 57.0, 48.0, 62.0, 69.0, 63.0, 72.0, 71.0, 41.0],
        [37.0, 21.0, 15.0, 34.0, 35.0, 0.0, 17.0, 5.0, 22.0, 11.0, 21.0, 38.0, 31.0, 47.0, 43.0, 39.0, 47.0, 56.0, 54.0, 67.0, 63.0, 69.0, 37.0],
        [31.0, 19.0, 20.0, 18.0, 19.0, 17.0, 0.0, 16.0, 8.0, 20.0, 14.0, 23.0, 31.0, 36.0, 38.0, 42.0, 40.0, 53.0, 56.0, 59.0, 62.0, 64.0, 31.0],
        [31.0, 24.0, 19.0, 33.0, 34.0, 5.0, 16.0, 0.0, 19.0, 6.0, 16.0, 35.0, 25.0, 43.0, 37.0, 34.0, 41.0, 51.0, 49.0, 62.0, 57.0, 64.0, 31.0],
        [24.0, 27.0, 28.0, 19.0, 19.0, 22.0, 8.0, 19.0, 0.0, 21.0, 9.0, 16.0, 26.0, 28.0, 31.0, 38.0, 33.0, 46.0, 51.0, 52.0, 56.0, 57.0, 24.0],
        [28.0, 30.0, 25.0, 38.0, 38.0, 11.0, 20.0, 6.0, 21.0, 0.0, 16.0, 35.0, 20.0, 40.0, 33.0, 28.0, 37.0, 46.0, 43.0, 58.0, 52.0, 59.0, 28.0],
        [17.0, 32.0, 31.0, 28.0, 28.0, 21.0, 14.0, 16.0, 9.0, 16.0, 0.0, 20.0, 17.0, 26.0, 24.0, 29.0, 27.0, 39.0, 42.0, 47.0, 48.0, 51.0, 17.0],
        [23.0, 40.0, 43.0, 23.0, 21.0, 38.0, 23.0, 35.0, 16.0, 35.0, 20.0, 0.0, 31.0, 17.0, 29.0, 43.0, 28.0, 42.0, 52.0, 42.0, 53.0, 50.0, 23.0],
        [11.0, 47.0, 44.0, 45.0, 45.0, 31.0, 31.0, 25.0, 26.0, 20.0, 17.0, 31.0, 0.0, 27.0, 13.0, 12.0, 19.0, 26.0, 25.0, 39.0, 32.0, 39.0, 11.0],
        [16.0, 55.0, 56.0, 40.0, 38.0, 47.0, 36.0, 43.0, 28.0, 40.0, 26.0, 17.0, 27.0, 0.0, 18.0, 36.0, 14.0, 28.0, 41.0, 25.0, 39.0, 34.0, 16.0],
        [7.0, 56.0, 55.0, 49.0, 48.0, 43.0, 38.0, 37.0, 31.0, 33.0, 24.0, 29.0, 13.0, 18.0, 0.0, 18.0, 5.0, 15.0, 23.0, 25.0, 25.0, 27.0, 7.0],
        [20.0, 57.0, 53.0, 57.0, 57.0, 39.0, 42.0, 34.0, 38.0, 28.0, 29.0, 43.0, 12.0, 36.0, 18.0, 0.0, 23.0, 23.0, 15.0, 40.0, 25.0, 36.0, 20.0],
        [10.0, 59.0, 58.0, 49.0, 48.0, 47.0, 40.0, 41.0, 33.0, 37.0, 27.0, 28.0, 19.0, 14.0, 5.0, 23.0, 0.0, 14.0, 26.0, 21.0, 25.0, 24.0, 10.0],
        [22.0, 71.0, 69.0, 63.0, 62.0, 56.0, 53.0, 51.0, 46.0, 46.0, 39.0, 42.0, 26.0, 28.0, 15.0, 23.0, 14.0, 0.0, 17.0, 18.0, 11.0, 14.0, 22.0],
        [29.0, 72.0, 68.0, 70.0, 69.0, 54.0, 56.0, 49.0, 51.0, 43.0, 42.0, 52.0, 25.0, 41.0, 23.0, 15.0, 26.0, 17.0, 0.0, 35.0, 12.0, 27.0, 29.0],
        [31.0, 78.0, 78.0, 65.0, 63.0, 67.0, 59.0, 62.0, 52.0, 58.0, 47.0, 42.0, 39.0, 25.0, 25.0, 40.0, 21.0, 18.0, 35.0, 0.0, 26.0, 12.0, 31.0],
        [32.0, 79.0, 76.0, 73.0, 72.0, 63.0, 62.0, 57.0, 56.0, 52.0, 48.0, 53.0, 32.0, 39.0, 25.0, 25.0, 25.0, 11.0, 12.0, 26.0, 0.0, 16.0, 32.0],
        [34.0, 83.0, 81.0, 73.0, 71.0, 69.0, 64.0, 64.0, 57.0, 59.0, 51.0, 50.0, 39.0, 34.0, 27.0, 36.0, 24.0, 14.0, 27.0, 12.0, 16.0, 0.0, 34.0],
        [0.0, 49.0, 48.0, 42.0, 41.0, 37.0, 31.0, 31.0, 24.0, 28.0, 17.0, 23.0, 11.0, 16.0, 7.0, 20.0, 10.0, 22.0, 29.0, 31.0, 32.0, 34.0, 0.0]
      ]
    }],
    "points": [{
      "id": "0",
      "matrix_index": 0
    }, {
      "id": "1",
      "matrix_index": 1
    }, {
      "id": "2",
      "matrix_index": 2
    }, {
      "id": "3",
      "matrix_index": 3
    }, {
      "id": "4",
      "matrix_index": 4
    }, {
      "id": "5",
      "matrix_index": 5
    }, {
      "id": "6",
      "matrix_index": 6
    }, {
      "id": "7",
      "matrix_index": 7
    }, {
      "id": "8",
      "matrix_index": 8
    }, {
      "id": "9",
      "matrix_index": 9
    }, {
      "id": "10",
      "matrix_index": 10
    }, {
      "id": "11",
      "matrix_index": 11
    }, {
      "id": "12",
      "matrix_index": 12
    }, {
      "id": "13",
      "matrix_index": 13
    }, {
      "id": "14",
      "matrix_index": 14
    }, {
      "id": "15",
      "matrix_index": 15
    }, {
      "id": "16",
      "matrix_index": 16
    }, {
      "id": "17",
      "matrix_index": 17
    }, {
      "id": "18",
      "matrix_index": 18
    }, {
      "id": "19",
      "matrix_index": 19
    }, {
      "id": "20",
      "matrix_index": 20
    }, {
      "id": "21",
      "matrix_index": 21
    }],
    "vehicles": [{
      "id": "0",
      "matrix_id": "mat1",
      "start_point_id": "0",
      "end_point_id": "0",
      "cost_time_multiplier": 1.0,
      "capacities": [{
        "unit_id": "unit-Kg",
        "limit": 6000.0,
        "overload_multiplier": 0.0
      }],
      "traffic": true,
      "track": true,
      "motorway": true,
      "toll": true,
      "max_walk_distance": 750,
      "approach": "unrestricted"
    }, {
      "id": "1",
      "matrix_id": "mat1",
      "start_point_id": "0",
      "end_point_id": "0",
      "cost_time_multiplier": 1.0,
      "capacities": [{
        "unit_id": "unit-Kg",
        "limit": 6000.0,
        "overload_multiplier": 0.0
      }],
      "traffic": true,
      "track": true,
      "motorway": true,
      "toll": true,
      "max_walk_distance": 750,
      "approach": "unrestricted"
    }, {
      "id": "2",
      "matrix_id": "mat1",
      "start_point_id": "0",
      "end_point_id": "0",
      "cost_time_multiplier": 1.0,
      "capacities": [{
        "unit_id": "unit-Kg",
        "limit": 6000.0,
        "overload_multiplier": 0.0
      }],
      "traffic": true,
      "track": true,
      "motorway": true,
      "toll": true,
      "max_walk_distance": 750,
      "approach": "unrestricted"
    }, {
      "id": "3",
      "matrix_id": "mat1",
      "start_point_id": "0",
      "end_point_id": "0",
      "cost_time_multiplier": 1.0,
      "capacities": [{
        "unit_id": "unit-Kg",
        "limit": 6000.0,
        "overload_multiplier": 0.0
      }],
      "traffic": true,
      "track": true,
      "motorway": true,
      "toll": true,
      "max_walk_distance": 750,
      "approach": "unrestricted"
    }, {
      "id": "4",
      "matrix_id": "mat1",
      "start_point_id": "0",
      "end_point_id": "0",
      "cost_time_multiplier": 1.0,
      "capacities": [{
        "unit_id": "unit-Kg",
        "limit": 6000.0,
        "overload_multiplier": 0.0
      }],
      "traffic": true,
      "track": true,
      "motorway": true,
      "toll": true,
      "max_walk_distance": 750,
      "approach": "unrestricted"
    }, {
      "id": "5",
      "matrix_id": "mat1",
      "start_point_id": "0",
      "end_point_id": "0",
      "cost_time_multiplier": 1.0,
      "capacities": [{
        "unit_id": "unit-Kg",
        "limit": 6000.0,
        "overload_multiplier": 0.0
      }],
      "traffic": true,
      "track": true,
      "motorway": true,
      "toll": true,
      "max_walk_distance": 750,
      "approach": "unrestricted"
    }, {
      "id": "6",
      "matrix_id": "mat1",
      "start_point_id": "0",
      "end_point_id": "0",
      "cost_time_multiplier": 1.0,
      "capacities": [{
        "unit_id": "unit-Kg",
        "limit": 6000.0,
        "overload_multiplier": 0.0
      }],
      "traffic": true,
      "track": true,
      "motorway": true,
      "toll": true,
      "max_walk_distance": 750,
      "approach": "unrestricted"
    }, {
      "id": "7",
      "matrix_id": "mat1",
      "start_point_id": "0",
      "end_point_id": "0",
      "cost_time_multiplier": 1.0,
      "capacities": [{
        "unit_id": "unit-Kg",
        "limit": 6000.0,
        "overload_multiplier": 0.0
      }],
      "traffic": true,
      "track": true,
      "motorway": true,
      "toll": true,
      "max_walk_distance": 750,
      "approach": "unrestricted"
    }, {
      "id": "8",
      "matrix_id": "mat1",
      "start_point_id": "0",
      "end_point_id": "0",
      "cost_time_multiplier": 1.0,
      "capacities": [{
        "unit_id": "unit-Kg",
        "limit": 6000.0,
        "overload_multiplier": 0.0
      }],
      "traffic": true,
      "track": true,
      "motorway": true,
      "toll": true,
      "max_walk_distance": 750,
      "approach": "unrestricted"
    }, {
      "id": "9",
      "matrix_id": "mat1",
      "start_point_id": "0",
      "end_point_id": "0",
      "cost_time_multiplier": 1.0,
      "capacities": [{
        "unit_id": "unit-Kg",
        "limit": 6000.0,
        "overload_multiplier": 0.0
      }],
      "traffic": true,
      "track": true,
      "motorway": true,
      "toll": true,
      "max_walk_distance": 750,
      "approach": "unrestricted"
    }, {
      "id": "10",
      "matrix_id": "mat1",
      "start_point_id": "0",
      "end_point_id": "0",
      "cost_time_multiplier": 1.0,
      "capacities": [{
        "unit_id": "unit-Kg",
        "limit": 6000.0,
        "overload_multiplier": 0.0
      }],
      "traffic": true,
      "track": true,
      "motorway": true,
      "toll": true,
      "max_walk_distance": 750,
      "approach": "unrestricted"
    }],
    "services": [{
      "id": "1",
      "type": "service",
      "activity": {
        "point_id": "1"
      },
      "quantities": [{
        "unit_id": "unit-Kg",
        "value": 0.0
      }]
    }, {
      "id": "2",
      "type": "service",
      "activity": {
        "point_id": "2"
      },
      "quantities": [{
        "unit_id": "unit-Kg",
        "value": 1100.0
      }]
    }, {
      "id": "3",
      "type": "service",
      "activity": {
        "point_id": "3"
      },
      "quantities": [{
        "unit_id": "unit-Kg",
        "value": 700.0
      }]
    }, {
      "id": "4",
      "type": "service",
      "activity": {
        "point_id": "4"
      },
      "quantities": [{
        "unit_id": "unit-Kg",
        "value": 800.0
      }]
    }, {
      "id": "5",
      "type": "service",
      "activity": {
        "point_id": "5"
      },
      "quantities": [{
        "unit_id": "unit-Kg",
        "value": 1400.0
      }]
    }, {
      "id": "6",
      "type": "service",
      "activity": {
        "point_id": "6"
      },
      "quantities": [{
        "unit_id": "unit-Kg",
        "value": 2100.0
      }]
    }, {
      "id": "7",
      "type": "service",
      "activity": {
        "point_id": "7"
      },
      "quantities": [{
        "unit_id": "unit-Kg",
        "value": 400.0
      }]
    }, {
      "id": "8",
      "type": "service",
      "activity": {
        "point_id": "8"
      },
      "quantities": [{
        "unit_id": "unit-Kg",
        "value": 800.0
      }]
    }, {
      "id": "9",
      "type": "service",
      "activity": {
        "point_id": "9"
      },
      "quantities": [{
        "unit_id": "unit-Kg",
        "value": 100.0
      }]
    }, {
      "id": "10",
      "type": "service",
      "activity": {
        "point_id": "10"
      },
      "quantities": [{
        "unit_id": "unit-Kg",
        "value": 500.0
      }]
    }, {
      "id": "11",
      "type": "service",
      "activity": {
        "point_id": "11"
      },
      "quantities": [{
        "unit_id": "unit-Kg",
        "value": 600.0
      }]
    }, {
      "id": "12",
      "type": "service",
      "activity": {
        "point_id": "12"
      },
      "quantities": [{
        "unit_id": "unit-Kg",
        "value": 1200.0
      }]
    }, {
      "id": "13",
      "type": "service",
      "activity": {
        "point_id": "13"
      },
      "quantities": [{
        "unit_id": "unit-Kg",
        "value": 1300.0
      }]
    }, {
      "id": "14",
      "type": "service",
      "activity": {
        "point_id": "14"
      },
      "quantities": [{
        "unit_id": "unit-Kg",
        "value": 1300.0
      }]
    }, {
      "id": "15",
      "type": "service",
      "activity": {
        "point_id": "15"
      },
      "quantities": [{
        "unit_id": "unit-Kg",
        "value": 300.0
      }]
    }, {
      "id": "16",
      "type": "service",
      "activity": {
        "point_id": "16"
      },
      "quantities": [{
        "unit_id": "unit-Kg",
        "value": 900.0
      }]
    }, {
      "id": "17",
      "type": "service",
      "activity": {
        "point_id": "17"
      },
      "quantities": [{
        "unit_id": "unit-Kg",
        "value": 2100.0
      }]
    }, {
      "id": "18",
      "type": "service",
      "activity": {
        "point_id": "18"
      },
      "quantities": [{
        "unit_id": "unit-Kg",
        "value": 1000.0
      }]
    }, {
      "id": "19",
      "type": "service",
      "activity": {
        "point_id": "19"
      },
      "quantities": [{
        "unit_id": "unit-Kg",
        "value": 900.0
      }]
    }, {
      "id": "20",
      "type": "service",
      "activity": {
        "point_id": "20"
      },
      "quantities": [{
        "unit_id": "unit-Kg",
        "value": 2500.0
      }]
    }, {
      "id": "21",
      "type": "service",
      "activity": {
        "point_id": "21"
      },
      "quantities": [{
        "unit_id": "unit-Kg",
        "value": 1800.0
      }]
    }],
    "units": [{
      "id": "unit-Kg"
    }]
  }
}
